NFL   -1   5.00000000e-01   5.00000000e-01   5.00000000e-01   1.00000000e+00
NFL   -6   2.50000000e-01   2.50000000e-01   2.50000000e-01   5.00000000e-01
PEL   0   7.82636926e-06   1.31537788e-01   0.00000000e+00   1.00000000e+00
NEL   42   1.25000000e-01   1.25000000e-01   1.25000000e-01   2.50000000e-01
NFL   -12   3.75000000e-01   1.25000000e-01   1.25000000e-01   2.50000000e-01
PEL   16   2.62452994e-01   4.74645137e-02   0.00000000e+00   1.00000000e+00
NEL   42   3.12500000e-01   6.25000000e-02   6.25000000e-02   1.25000000e-01
PEL   9   3.83415651e-01   6.68422375e-02   0.00000000e+00   1.00000000e+00
NEL   42   4.37500000e-01   6.25000000e-02   6.25000000e-02   1.25000000e-01
NFL   -2   7.50000000e-01   2.50000000e-01   2.50000000e-01   5.00000000e-01
NFL   -5   6.25000000e-01   1.25000000e-01   1.25000000e-01   2.50000000e-01
PEL   8   6.71149384e-01   7.69818621e-03   0.00000000e+00   1.00000000e+00
NEL   42   6.87500000e-01   6.25000000e-02   6.25000000e-02   1.25000000e-01
PEL   2   5.32767237e-01   2.18959186e-01   0.00000000e+00   1.00000000e+00
NEL   42   5.62500000e-01   1.87500000e-01   6.25000000e-02   1.25000000e-01
PEL   6   8.30965346e-01   3.45721105e-02   0.00000000e+00   1.00000000e+00
NEL   42   8.75000000e-01   1.25000000e-01   1.25000000e-01   2.50000000e-01
PEL   17   7.36081885e-01   3.28234226e-01   0.00000000e+00   1.00000000e+00
NEL   42   6.25000000e-01   3.75000000e-01   1.25000000e-01   2.50000000e-01
NFL   -13   8.75000000e-01   3.75000000e-01   1.25000000e-01   2.50000000e-01
PEL   19   9.91037386e-01   3.65338671e-01   0.00000000e+00   1.00000000e+00
NEL   42   9.37500000e-01   3.12500000e-01   6.25000000e-02   1.25000000e-01
PEL   1   7.55605322e-01   4.58650132e-01   0.00000000e+00   1.00000000e+00
NEL   42   8.12500000e-01   4.37500000e-01   6.25000000e-02   1.25000000e-01
NFL   -3   2.50000000e-01   7.50000000e-01   2.50000000e-01   5.00000000e-01
NFL   -4   1.25000000e-01   6.25000000e-01   1.25000000e-01   2.50000000e-01
PEL   7   5.34616350e-02   5.29700193e-01   0.00000000e+00   1.00000000e+00
NEL   42   6.25000000e-02   5.62500000e-01   6.25000000e-02   1.25000000e-01
NFL   -10   6.25000000e-02   6.87500000e-01   6.25000000e-02   1.25000000e-01
PEL   3   4.70446162e-02   6.78864717e-01   0.00000000e+00   1.00000000e+00
NEL   42   3.12500000e-02   6.56250000e-01   3.12500000e-02   6.25000000e-02
PEL   13   9.19648908e-02   6.53918962e-01   0.00000000e+00   1.00000000e+00
NEL   42   9.37500000e-02   6.56250000e-01   3.12500000e-02   6.25000000e-02
NFL   -7   3.75000000e-01   6.25000000e-01   1.25000000e-01   2.50000000e-01
PEL   5   3.83502077e-01   5.19416372e-01   0.00000000e+00   1.00000000e+00
NEL   42   4.37500000e-01   5.62500000e-01   6.25000000e-02   1.25000000e-01
NFL   -11   4.37500000e-01   6.87500000e-01   6.25000000e-02   1.25000000e-01
PEL   10   4.17485974e-01   6.86772712e-01   0.00000000e+00   1.00000000e+00
NEL   42   4.06250000e-01   6.56250000e-01   3.12500000e-02   6.25000000e-02
PEL   14   4.15999357e-01   7.01190594e-01   0.00000000e+00   1.00000000e+00
NEL   42   4.06250000e-01   7.18750000e-01   3.12500000e-02   6.25000000e-02
NFL   -8   7.50000000e-01   7.50000000e-01   2.50000000e-01   5.00000000e-01
PEL   12   8.46166891e-01   5.26928778e-01   0.00000000e+00   1.00000000e+00
NEL   42   8.75000000e-01   6.25000000e-01   1.25000000e-01   2.50000000e-01
NFL   -9   6.25000000e-01   8.75000000e-01   1.25000000e-01   2.50000000e-01
PEL   18   6.32638568e-01   7.56410486e-01   0.00000000e+00   1.00000000e+00
NEL   42   6.87500000e-01   8.12500000e-01   6.25000000e-02   1.25000000e-01
PEL   11   5.88976643e-01   9.30436495e-01   0.00000000e+00   1.00000000e+00
NEL   42   5.62500000e-01   9.37500000e-01   6.25000000e-02   1.25000000e-01
PEL   4   6.79296406e-01   9.34692896e-01   0.00000000e+00   1.00000000e+00
NEL   42   6.87500000e-01   9.37500000e-01   6.25000000e-02   1.25000000e-01
PEL   15   9.10320830e-01   7.62198040e-01   0.00000000e+00   1.00000000e+00
NEL   42   8.75000000e-01   8.75000000e-01   1.25000000e-01   2.50000000e-01
