NFL   -1   5.00000000e-01   5.00000000e-01   5.00000000e-01   1.00000000e+00
NFL   -8   2.50000000e-01   2.50000000e-01   2.50000000e-01   5.00000000e-01
PEL   0   7.82636926e-06   1.31537788e-01   0.00000000e+00   1.00000000e+00
NEL   42   1.25000000e-01   1.25000000e-01   1.25000000e-01   2.50000000e-01
NFL   -14   3.75000000e-01   1.25000000e-01   1.25000000e-01   2.50000000e-01
NFL   -25   3.12500000e-01   6.25000000e-02   6.25000000e-02   1.25000000e-01
PEL   16   2.62452994e-01   4.74645137e-02   0.00000000e+00   1.00000000e+00
NEL   42   2.81250000e-01   3.12500000e-02   3.12500000e-02   6.25000000e-02
PEL   33   2.66144507e-01   9.07328949e-02   0.00000000e+00   1.00000000e+00
NEL   42   2.81250000e-01   9.37500000e-02   3.12500000e-02   6.25000000e-02
PEL   9   3.83415651e-01   6.68422375e-02   0.00000000e+00   1.00000000e+00
NEL   42   4.37500000e-01   6.25000000e-02   6.25000000e-02   1.25000000e-01
PEL   27   3.59264979e-01   1.66507200e-01   0.00000000e+00   1.00000000e+00
NEL   42   3.12500000e-01   1.87500000e-01   6.25000000e-02   1.25000000e-01
NFL   -30   1.25000000e-01   3.75000000e-01   1.25000000e-01   2.50000000e-01
NFL   -31   1.87500000e-01   3.12500000e-01   6.25000000e-02   1.25000000e-01
NFL   -32   2.18750000e-01   2.81250000e-01   3.12500000e-02   6.25000000e-02
PEL   26   2.37774434e-01   2.74906840e-01   0.00000000e+00   1.00000000e+00
NEL   42   2.34375000e-01   2.65625000e-01   1.56250000e-02   3.12500000e-02
PEL   45   2.33194878e-01   3.06321831e-01   0.00000000e+00   1.00000000e+00
NEL   42   2.34375000e-01   2.96875000e-01   1.56250000e-02   3.12500000e-02
NFL   -33   3.75000000e-01   3.75000000e-01   1.25000000e-01   2.50000000e-01
NFL   -34   3.12500000e-01   4.37500000e-01   6.25000000e-02   1.25000000e-01
NFL   -35   2.81250000e-01   4.06250000e-01   3.12500000e-02   6.25000000e-02
NFL   -36   2.65625000e-01   4.21875000e-01   1.56250000e-02   3.12500000e-02
PEL   49   2.69317272e-01   4.15394616e-01   0.00000000e+00   1.00000000e+00
NEL   42   2.73437500e-01   4.14062500e-01   7.81250000e-03   1.56250000e-02
PEL   24   2.72709967e-01   4.36411406e-01   0.00000000e+00   1.00000000e+00
NEL   42   2.73437500e-01   4.29687500e-01   7.81250000e-03   1.56250000e-02
NFL   -3   7.50000000e-01   2.50000000e-01   2.50000000e-01   5.00000000e-01
NFL   -7   6.25000000e-01   1.25000000e-01   1.25000000e-01   2.50000000e-01
NFL   -17   6.87500000e-01   6.25000000e-02   6.25000000e-02   1.25000000e-01
PEL   8   6.71149384e-01   7.69818621e-03   0.00000000e+00   1.00000000e+00
NEL   42   6.56250000e-01   3.12500000e-02   3.12500000e-02   6.25000000e-02
PEL   22   6.51518575e-01   7.26858829e-02   0.00000000e+00   1.00000000e+00
NEL   42   6.56250000e-01   9.37500000e-02   3.12500000e-02   6.25000000e-02
PEL   2   5.32767237e-01   2.18959186e-01   0.00000000e+00   1.00000000e+00
NEL   42   5.62500000e-01   1.87500000e-01   6.25000000e-02   1.25000000e-01
NFL   -22   8.75000000e-01   1.25000000e-01   1.25000000e-01   2.50000000e-01
PEL   6   8.30965346e-01   3.45721105e-02   0.00000000e+00   1.00000000e+00
NEL   42   8.12500000e-01   6.25000000e-02   6.25000000e-02   1.25000000e-01
NFL   -26   9.37500000e-01   6.25000000e-02   6.25000000e-02   1.25000000e-01
PEL   29   9.09208102e-01   6.05643275e-02   0.00000000e+00   1.00000000e+00
NEL   42   9.06250000e-01   3.12500000e-02   3.12500000e-02   6.25000000e-02
PEL   38   9.40979954e-01   5.00839837e-02   0.00000000e+00   1.00000000e+00
NEL   42   9.68750000e-01   3.12500000e-02   3.12500000e-02   6.25000000e-02
PEL   34   9.47764250e-01   7.37490752e-02   0.00000000e+00   1.00000000e+00
NEL   42   9.68750000e-01   9.37500000e-02   3.12500000e-02   6.25000000e-02
PEL   40   8.27817300e-01   1.25365376e-01   0.00000000e+00   1.00000000e+00
NEL   42   8.12500000e-01   1.87500000e-01   6.25000000e-02   1.25000000e-01
NFL   -24   6.25000000e-01   3.75000000e-01   1.25000000e-01   2.50000000e-01
PEL   31   5.16291964e-01   3.19032941e-01   0.00000000e+00   1.00000000e+00
NEL   42   5.62500000e-01   3.12500000e-01   6.25000000e-02   1.25000000e-01
PEL   17   7.36081885e-01   3.28234226e-01   0.00000000e+00   1.00000000e+00
NEL   42   6.87500000e-01   3.12500000e-01   6.25000000e-02   1.25000000e-01
NFL   -28   5.62500000e-01   4.37500000e-01   6.25000000e-02   1.25000000e-01
PEL   35   5.00707095e-01   3.84142148e-01   0.00000000e+00   1.00000000e+00
NEL   42   5.31250000e-01   4.06250000e-01   3.12500000e-02   6.25000000e-02
PEL   37   5.29747394e-01   4.64445825e-01   0.00000000e+00   1.00000000e+00
NEL   42   5.31250000e-01   4.68750000e-01   3.12500000e-02   6.25000000e-02
NFL   -15   8.75000000e-01   3.75000000e-01   1.25000000e-01   2.50000000e-01
PEL   19   9.91037386e-01   3.65338671e-01   0.00000000e+00   1.00000000e+00
NEL   42   9.37500000e-01   3.12500000e-01   6.25000000e-02   1.25000000e-01
NFL   -20   8.12500000e-01   4.37500000e-01   6.25000000e-02   1.25000000e-01
NFL   -21   7.81250000e-01   4.68750000e-01   3.12500000e-02   6.25000000e-02
PEL   1   7.55605322e-01   4.58650132e-01   0.00000000e+00   1.00000000e+00
NEL   42   7.65625000e-01   4.53125000e-01   1.56250000e-02   3.12500000e-02
PEL   25   7.66494778e-01   4.77731765e-01   0.00000000e+00   1.00000000e+00
NEL   42   7.65625000e-01   4.84375000e-01   1.56250000e-02   3.12500000e-02
PEL   32   9.86642112e-01   4.93976685e-01   0.00000000e+00   1.00000000e+00
NEL   42   9.37500000e-01   4.37500000e-01   6.25000000e-02   1.25000000e-01
NFL   -5   2.50000000e-01   7.50000000e-01   2.50000000e-01   5.00000000e-01
NFL   -6   1.25000000e-01   6.25000000e-01   1.25000000e-01   2.50000000e-01
PEL   7   5.34616350e-02   5.29700193e-01   0.00000000e+00   1.00000000e+00
NEL   42   6.25000000e-02   5.62500000e-01   6.25000000e-02   1.25000000e-01
NFL   -12   6.25000000e-02   6.87500000e-01   6.25000000e-02   1.25000000e-01
PEL   3   4.70446162e-02   6.78864717e-01   0.00000000e+00   1.00000000e+00
NEL   42   3.12500000e-02   6.56250000e-01   3.12500000e-02   6.25000000e-02
PEL   13   9.19648908e-02   6.53918962e-01   0.00000000e+00   1.00000000e+00
NEL   42   9.37500000e-02   6.56250000e-01   3.12500000e-02   6.25000000e-02
PEL   41   1.58677013e-02   6.88455301e-01   0.00000000e+00   1.00000000e+00
NEL   42   3.12500000e-02   7.18750000e-01   3.12500000e-02   6.25000000e-02
NFL   -9   3.75000000e-01   6.25000000e-01   1.25000000e-01   2.50000000e-01
PEL   46   3.51015248e-01   5.13273702e-01   0.00000000e+00   1.00000000e+00
NEL   42   3.12500000e-01   5.62500000e-01   6.25000000e-02   1.25000000e-01
PEL   5   3.83502077e-01   5.19416372e-01   0.00000000e+00   1.00000000e+00
NEL   42   4.37500000e-01   5.62500000e-01   6.25000000e-02   1.25000000e-01
NFL   -13   4.37500000e-01   6.87500000e-01   6.25000000e-02   1.25000000e-01
PEL   10   4.17485974e-01   6.86772712e-01   0.00000000e+00   1.00000000e+00
NEL   42   4.06250000e-01   6.56250000e-01   3.12500000e-02   6.25000000e-02
PEL   14   4.15999357e-01   7.01190594e-01   0.00000000e+00   1.00000000e+00
NEL   42   4.06250000e-01   7.18750000e-01   3.12500000e-02   6.25000000e-02
PEL   20   2.47038886e-01   9.82550286e-01   0.00000000e+00   1.00000000e+00
NEL   42   1.25000000e-01   8.75000000e-01   1.25000000e-01   2.50000000e-01
NFL   -27   3.75000000e-01   8.75000000e-01   1.25000000e-01   2.50000000e-01
PEL   48   4.12080771e-01   8.41510639e-01   0.00000000e+00   1.00000000e+00
NEL   42   4.37500000e-01   8.12500000e-01   6.25000000e-02   1.25000000e-01
PEL   36   2.77081800e-01   9.13817442e-01   0.00000000e+00   1.00000000e+00
NEL   42   3.12500000e-01   9.37500000e-01   6.25000000e-02   1.25000000e-01
PEL   28   4.86517383e-01   8.97656287e-01   0.00000000e+00   1.00000000e+00
NEL   42   4.37500000e-01   9.37500000e-01   6.25000000e-02   1.25000000e-01
NFL   -10   7.50000000e-01   7.50000000e-01   2.50000000e-01   5.00000000e-01
PEL   43   7.36224514e-01   7.25411998e-01   0.00000000e+00   1.00000000e+00
NEL   42   6.25000000e-01   6.25000000e-01   1.25000000e-01   2.50000000e-01
NFL   -23   8.75000000e-01   6.25000000e-01   1.25000000e-01   2.50000000e-01
PEL   12   8.46166891e-01   5.26928778e-01   0.00000000e+00   1.00000000e+00
NEL   42   8.12500000e-01   5.62500000e-01   6.25000000e-02   1.25000000e-01
PEL   30   9.04653092e-01   5.04522895e-01   0.00000000e+00   1.00000000e+00
NEL   42   9.37500000e-01   5.62500000e-01   6.25000000e-02   1.25000000e-01
PEL   42   8.68247132e-01   6.29543418e-01   0.00000000e+00   1.00000000e+00
NEL   42   8.12500000e-01   6.87500000e-01   6.25000000e-02   1.25000000e-01
NFL   -11   6.25000000e-01   8.75000000e-01   1.25000000e-01   2.50000000e-01
PEL   47   5.91113583e-01   8.45981560e-01   0.00000000e+00   1.00000000e+00
NEL   42   5.62500000e-01   8.12500000e-01   6.25000000e-02   1.25000000e-01
NFL   -16   6.87500000e-01   8.12500000e-01   6.25000000e-02   1.25000000e-01
PEL   18   6.32638568e-01   7.56410486e-01   0.00000000e+00   1.00000000e+00
NEL   42   6.56250000e-01   7.81250000e-01   3.12500000e-02   6.25000000e-02
PEL   21   7.22660401e-01   7.53355835e-01   0.00000000e+00   1.00000000e+00
NEL   42   7.18750000e-01   7.81250000e-01   3.12500000e-02   6.25000000e-02
PEL   11   5.88976643e-01   9.30436495e-01   0.00000000e+00   1.00000000e+00
NEL   42   5.62500000e-01   9.37500000e-01   6.25000000e-02   1.25000000e-01
NFL   -18   6.87500000e-01   9.37500000e-01   6.25000000e-02   1.25000000e-01
NFL   -19   6.56250000e-01   9.06250000e-01   3.12500000e-02   6.25000000e-02
PEL   23   6.31634718e-01   8.84707129e-01   0.00000000e+00   1.00000000e+00
NEL   42   6.40625000e-01   8.90625000e-01   1.56250000e-02   3.12500000e-02
PEL   4   6.79296406e-01   9.34692896e-01   0.00000000e+00   1.00000000e+00
NEL   42   6.71875000e-01   9.21875000e-01   1.56250000e-02   3.12500000e-02
NFL   -29   8.75000000e-01   8.75000000e-01   1.25000000e-01   2.50000000e-01
PEL   39   7.61514262e-01   7.70204547e-01   0.00000000e+00   1.00000000e+00
NEL   42   8.12500000e-01   8.12500000e-01   6.25000000e-02   1.25000000e-01
PEL   15   9.10320830e-01   7.62198040e-01   0.00000000e+00   1.00000000e+00
NEL   42   9.37500000e-01   8.12500000e-01   6.25000000e-02   1.25000000e-01
PEL   44   9.99457879e-01   8.88572214e-01   0.00000000e+00   1.00000000e+00
NEL   42   9.37500000e-01   9.37500000e-01   6.25000000e-02   1.25000000e-01
